01004000
01003100
01017700
01018000
01019100
01016900
01028800
01004600
01007300
01019500
01006300
01018300
01004900
01006400
01014400
01015700
01006200
01020600
01004500
01016500
01019800
01018800
01018100
01025400
01005500
01022600
01046502
01021000
01007800
01003200
01022300
01015500
01009800
01016600
01018900
01020900
01006500
01020901
01020902
01020903
01014500
01046501
01016400
01037300
01010600
01009300
01023300
01021100
01042700
01020200
01001100
01015200
01005600
01011200
01009600
01007101
01008600
01017100
01045700
01046700
01018500
01000900
01039700
01017500
01000400
01044500
01028900
01021300
01011900
01012300
01014700
01015900
01010500
01002100
01006100
01045800
01011600
01016200
01010400
01004200
01015800
01009900
01016100
01045400
01017000
01013200
01024000
01005900
01045300
01017900
01045900
01046000
01014200
01016800
01014201
01014202
01020100
01003400
01015400
01002200
01000700
01010000
01023200
01009400
01013100
01013900
01001300
01023800
01041100
01013800
01028300
01017200
01010800
01015300
01008000
01008800
01018700
01012100
01012800
01005700
01004800
01045500
01043300
01019700
01017600
01001600
01005200
01023700
01001800
01002600
01015000
01021700
01012500
01004700
01010100
01017300
01008900
01002400
01025200
01001200
01046600
01014900
01006800
01033700
01019900
01003300
01012600
01014000
01021200
01000600
01003500
01019400
01019300
01001000
01009700
01044400
01011700
01019200
01013300
01019600
01033800
01008100
01013500
01013000
01014300
01018200
01000100
01016700
01018400
01006600
01006900
01032100
01014100
01009100
01011800
01007700
01005300
01010700
01003800
01006700
01000500
01014600
01007200
01021900
01007000
01020400
01002300
01013700
01041500
01000300
01007600
01020500
01006000
01001400
01021600
01046100
01012700
01044600
01011500
01012000
01002700
01020000
01001500
01012900
01013400
01012400
01031600
01032500
01027600
01028200
01025100
01015600
01017800
01000200
01009000
01015100
01000800
01019000
01002800
01007102
01001700
01011000
01008700
01008400
01020800
01009200
01012200
01018600
01010900
01016300
01011400
01017400
01016000
01004400
01032300
01020700
01008300
01046400
01007400
01011300
01008500
01002500
01008200
01004100
01007500
01033100
01005800
01003600
01011100
01013600
01028700
01010300
01014800
01046200
01046300
01010200
01001900
02001400
02006300
02051103
02077000
02076600
02001300
02013500
02013100
02013600
02077200
02076800
02005600
02002800
02009000
02012200
02015200
02000600
02076400
02001800
02004200
02007000
02008400
02001900
02005900
02005800
02007501
02002000
02013300
02012900
02010900
02003500
02006500
02009100
02000500
02004500
02006200
02012700
02009200
02011300
02005300
02008100
02009600
02000200
02001600
02002200
02011000
02077500
02007200
02008800
02002600
02003200
02058400
02058500
02007700
02077100
02005500
02076700
02076900
02000700
02003400
02013800
02008300
02006700
02006000
02010500
02009700
02003700
02005700
02005200
02010600
02012600
02000300
02076500
02000400
02003600
02013000
02012800
02076300
02000900
02004300
02000800
02010400
02001500
02008900
02004000
02010200
02008000
02001100
02002500
02004800
02077400
02007100
02077300
02009800
02002100
02008500
02001000
02007502
02003300
03036600
03003900
03025800
03026600
03018400
03043200
03056700
03049600
03010400
03052100
03066000
03066001
03066002
03033600
03008500
03126900
03047800
03065200
03017800
03029200
03057000
03012700
03008800
03048000
03033200
03009200
03054200
03041100
03127400
03030300
03015000
03032900
03059100
03039500
03127100
03058500
03053500
03009600
03127900
03057600
03024600
03025000
03010300
03030400
03076100
03063800
03035200
03031900
03019700
03033800
03000700
03034100
03051900
03068100
03055000
03001200
03003500
03024800
03003000
03019800
03127200
03032600
03057900
03006100
03040000
03064300
03012100
03025900
03047300
03124900
03035000
03031200
03048100
03021200
03034600
03041900
03015100
03051600
03049200
03020900
03043900
03081800
03046700
03127300
03034200
03026000
03034000
03056800
03125300
03001900
03010500
03004800
03037300
03028600
03032500
03098700
03058900
03059000
03066200
03057100
03036300
03057700
03047400
03016000
03014800
03038100
03004400
03049400
03044800
03012400
03031800
03026500
03127000
03064800
03036200
03036700
03006500
03025100
03015900
03048400
03063600
03021900
03050300
03020200
03042900
03058600
03127500
03027200
03050100
03044600
03041700
03031400
03033100
03026900
03024200
03038700
03038702
03050200
03002800
03062400
03028100
03035800
03022500
03041400
03010000
03045400
03026100
03040400
03051700
03003100
03036400
03033500
03011800
03034300
03052800
03063500
03013400
03041500
03006600
03041200
03017700
03042200
03066500
03019500
03003200
03128800
03128100
03067900
03049100
03063300
03014200
03002700
03022900
03045500
03040600
03028300
03024000
03016600
03002900
03049300
03125400
03015600
03058200
03027500
03111300
03125000
03015300
03035100
03006200
03033900
03053200
03067800
03019900
03013800
03046500
03022200
03037401
03126700
03012300
03013600
03004200
03009500
03125900
03126100
03005000
03068000
03038900
03124800
03009000
03069200
03000400
03054900
03126800
03062600
03054500
03125800
03057500
03040300
03057300
03044900
03064600
03007000
03037600
03000600
03033700
03023400
03061200
03050600
03030000
03004500
03021700
03038600
03000900
03018800
03002200
03098602
03048700
03024500
03023900
03030200
03012500
03031300
03018900
03016300
03065800
03022300
03038300
03024400
03028800
03048900
03021000
03062100
03007200
03009400
03032400
03023500
03015800
03052600
03024300
03050000
03045800
03037100
03047500
03060200
03111500
03037700
03053100
03047100
03008400
03047900
03029400
03015200
03045900
03004900
03001600
03037000
03040200
03011200
03018700
03020300
03031600
03012000
03005200
03013100
03002300
03004700
03038701
03016200
03035700
03036000
03000200
03059500
03033400
03028200
03052400
03075401
03030100
03024102
03029500
03018000
03037200
03039200
03039700
03062300
03019100
03126300
03042800
03045300
03063400
03098601
03006000
03127700
03046900
03064400
03024900
03048600
03040700
03006300
03027300
03005800
03028700
03053600
03012600
03013900
03004100
03020000
03031500
03013500
03056400
03063700
03063200
03066100
03032200
03055500
03046400
03051300
03037402
03013300
03029100
03023700
03020100
03039400
03017300
03028500
03039401
03039402
03048800
03014900
03029900
03029300
03126600
03058700
03015500
03064000
03021500
03065300
03035900
03049000
03061800
03027400
03065900
03128200
03042000
03035500
03027800
03124700
03042100
03005900
03055200
03036500
03058300
03021800
03053000
03010200
03000500
03063900
03010800
03002100
03011300
03009700
03062500
03128900
03052500
03127600
03075402
03126500
03052900
03024101
03018200
03029700
03048500
03045200
03021400
03045000
03029000
03068500
03044000
03063100
03043000
03038200
03017400
03025700
03064700
03027700
03001000
03032300
03039900
03002000
03022100
03014700
03014500
03129000
03061900
03038800
03015700
03002400
03125100
03010700
03068200
03041000
03026400
03026300
03056200
03060400
03065700
03015400
03001800
03031100
03003300
03001700
03058800
03020600
03046200
03044700
03021300
03008200
03002600
03058100
03068300
03124500
03029800
03127800
03064500
03036100
03036900
03018600
03039000
03035400
03032800
03039800
03021600
03010100
03066600
03125200
03025400
04034000
04031900
04015100
04017100
04001900
04003800
04025800
04027300
04032900
04032700
04019100
04028100
04013900
04006200
04002100
04013500
04013002
04003300
04004900
04013202
04013201
04003100
04015700
04006900
04033300
04004000
04024300
04018000
04021100
04002700
04024400
04024700
04009700
04004200
04002800
04000200
04000100
04043300
04028400
04009800
04029700
04019600
04005800
04014100
04005600
04003000
04033500
04020100
04001700
04039500
04065600
04034300
04027200
04012300
04007000
04016500
04031400
04016700
04023000
04033100
04016100
04025600
04003600
04006100
04032000
04006700
04001800
04027000
04022900
04006801
04006802
04023800
04006000
04024900
04031100
04024800
04021500
04032500
04002500
04007200
04005100
04065000
04016200
04025100
04032400
04007300
04029900
04009200
04017500
04018400
04002400
04002000
04033700
04021700
04021600
04016000
04019300
04027700
04024100
04006400
04012000
04047000
04031600
04013600
04006600
04022400
04018200
04027100
04030200
04002300
04016400
04014000
04026500
04028300
04027600
04031000
04018800
04013800
04005200
04033600
04027400
04016600
04031500
04018100
04000700
04011800
04015400
04034100
04025500
04015300
04011000
04029800
04001600
04013300
04004500
04000800
04001200
04019700
04035900
04017000
04001500
04015500
04022700
04007600
04029500
04012500
04005500
04004300
04004400
04064900
04065800
04010200
04028600
04016900
04014200
04026100
04000400
04065100
04021900
04005000
04012200
04021300
04028200
04020800
04004600
04032100
04001100
04032600
04034200
04015200
04023300
04027900
04026000
04034600
04024000
04005400
04030400
04019000
04031700
04005700
04002900
04006300
04008900
04034400
04030800
04023500
04017700
04011900
04003200
04031300
04016800
04023700
04011500
04001400
04000900
04000300
04019800
04003400
04023100
04015600
04003502
04003501
04012100
04017400
04025000
04005900
04007500
04022800
04033800
04031200
04012400
04030700
04008700
04011400
04000500
04031800
04026900
04003900
04017200
04019400
04007400
04019200
04005300
04030300
04021200
04008600
04033400
04021400
04002600
04017800
04024600
04010300
04017600
04008500
04032200
04065900
04004100
04026700
04029600
04013400
04027500
04026800
04015900
04011100
04017900
04002200
04018300
04030900
04030000
04013700
04019900
04004800
04023400
04007900
05000100
05000400
05000401
05000402
05000403
05000404
05007000
05007200
05007500
05006800
05001300
05000700
05001500
05007600
05000900
05007100
05007300
05006900
06000200
06017000
06011500
06009001
06015200
06011800
06045500
06012000
06007300
06046100
06013800
